 50409.847    -0.047     0.742     0.266     -0.79   0.012   0.014
   50409.931     1.954     0.763     0.333     -0.63   0.012   0.018
   50411.925     1.952     0.792     0.357     -0.61   0.012   0.019
   50412.662    -4.295     0.698     0.194     -0.98   0.011   0.011
   50412.683    -3.811     0.731     0.211     -0.95   0.012   0.012
   50412.787    -1.302     0.775     0.265     -0.82   0.012   0.014
   50412.839    -0.048     0.783     0.295     -0.75   0.012   0.016
   50412.922     1.953     0.780     0.256     -0.85   0.012   0.014
   50413.659    -4.295     0.676     0.205     -0.91   0.011   0.012
   50413.675    -3.927     0.699     0.248     -0.79   0.011   0.014
   50413.815    -0.545     0.737     0.275     -0.75   0.012   0.015
   50413.878     0.956     0.754     0.304     -0.70   0.012   0.016
   50413.961     2.957     0.751     0.354     -0.58   0.012   0.019
   50414.812    -0.545     0.705     0.270     -0.74   0.011   0.015
   50416.808    -0.548     0.689     0.279     -0.69   0.011   0.015
   50416.869     0.953     0.709     0.292     -0.68   0.011   0.016
   50417.805    -0.545     0.650     0.219     -0.83   0.010   0.012
   50417.867     0.954     0.665     0.214     -0.87   0.011   0.012
   50422.791    -0.545     0.736     0.250     -0.83   0.012   0.014
   50422.854     0.951     0.760     0.281     -0.76   0.012   0.015
   50423.788    -0.548     0.721     0.283     -0.72   0.011   0.015
   50423.851     0.956     0.749     0.309     -0.68   0.012   0.016
   50423.934     2.952     0.746     0.357     -0.56   0.012   0.019
   50424.785    -0.546     0.695     0.235     -0.83   0.011   0.013
   50424.848     0.957     0.715     0.268     -0.75   0.011   0.015
   50424.931     2.951     0.659    -1.000    -10.00   0.011   0.000
   50425.782    -0.546     0.615     0.212     -0.82   0.010   0.012
   50425.845     0.954     0.645     0.248     -0.73   0.010   0.014
   50425.928     2.954     0.649     0.289     -0.62   0.010   0.016
   50426.780    -0.543     0.571     0.176     -0.90   0.009   0.010
   50426.842     0.952     0.593     0.206     -0.81   0.010   0.012
   50426.884     1.952     0.593     0.219     -0.76   0.010   0.012
   50427.881     1.953     0.565     0.234     -0.68   0.009   0.013
   50428.626    -4.108     0.514     0.151     -0.94   0.009   0.009
   50428.641    -3.766     0.508     0.090     -1.33   0.008   0.007
   50428.743    -1.300     0.553     0.170     -0.90   0.009   0.010
   50428.795    -0.045     0.568     0.181     -0.88   0.009   0.011
   50428.878     1.954     0.590     0.234     -0.71   0.010   0.013
   50429.624    -4.104     0.560     0.184     -0.85   0.009   0.011
   50429.638    -3.771     0.557     0.171     -0.90   0.009   0.010
   50429.740    -1.298     0.596     0.214     -0.79   0.010   0.012
   50429.793    -0.047     0.602     0.228     -0.74   0.010   0.013
   50429.876     1.954     0.621     0.277     -0.62   0.010   0.015
   50430.737    -1.298     0.620     0.208     -0.84   0.010   0.012
   50430.790    -0.048     0.635     0.228     -0.79   0.010   0.013
   50430.873     1.951     0.657     0.271     -0.68   0.011   0.015
   50431.618    -4.108     0.572     0.167     -0.94   0.009   0.010
   50431.633    -3.766     0.568     0.176     -0.90   0.009   0.010
   50431.735    -1.297     0.597     0.204     -0.82   0.010   0.012
   50431.787    -0.046     0.610     0.210     -0.82   0.010   0.012
   50431.870     1.955     0.633     0.254     -0.70   0.010   0.014
   50433.613    -4.105     0.516     0.137     -1.02   0.009   0.009
   50433.628    -3.741     0.494     0.150     -0.91   0.008   0.009
   50433.729    -1.301     0.516     0.162     -0.89   0.009   0.010
   50433.781    -0.046     0.529     0.176     -0.84   0.009   0.010
   50433.864     1.954     0.528     0.172     -0.86   0.009   0.010
   50435.607    -4.107     0.601     0.207     -0.82   0.010   0.012
   50435.621    -3.768     0.606     0.198     -0.86   0.010   0.011
   50435.725    -1.295     0.642     0.238     -0.76   0.010   0.013
   50435.776    -0.049     0.656     0.253     -0.73   0.011   0.014
   50435.859     1.952     0.702     0.303     -0.64   0.011   0.016
   50436.604    -4.103     0.614     0.182     -0.93   0.010   0.011
   50436.619    -3.767     0.612     0.198     -0.87   0.010   0.011
   50436.722    -1.297     0.646     0.234     -0.78   0.010   0.013
   50436.856     1.951     0.687     0.299     -0.64   0.011   0.016
   50437.602    -4.105     0.618     0.195     -0.88   0.010   0.011
   50437.718    -1.310     0.660     0.243     -0.76   0.011   0.013
   50437.771    -0.045     0.646     0.260     -0.70   0.010   0.014
   50437.854     1.952     0.681     0.305     -0.62   0.011   0.016
   50438.606    -3.930     0.583     0.188     -0.87   0.009   0.011
   50438.716    -1.308     0.604     0.226     -0.75   0.010   0.013
   50438.768    -0.052     0.614     0.230     -0.75   0.010   0.013
   50438.851     1.951     0.564    -1.000    -10.00   0.009   0.000
   50439.604    -3.932     0.338     0.102     -0.92   0.006   0.008
   50439.713    -1.313     0.592     0.207     -0.81   0.010   0.012
   50439.765    -0.050     0.544    -1.000    -10.00   0.009   0.000
   50439.849     1.953     0.579    -1.000    -10.00   0.009   0.000
   50440.601    -3.935     0.542    -1.000    -10.00   0.009   0.000
   50440.710    -1.310     0.607     0.171     -0.97   0.010   0.010
   50440.763    -0.048     0.554    -1.000    -10.00   0.009   0.000
   50440.846     1.955     0.564    -1.000    -10.00   0.009   0.000
   50441.598    -3.936     0.529     0.136     -1.04   0.009   0.009
   50443.593    -3.935     0.564     0.060     -1.72   0.009   0.006
   50443.702    -1.310     0.664     0.265     -0.70   0.011   0.014
   50443.754    -0.047     0.693     0.278     -0.70   0.011   0.015
   50443.837     1.953     0.721     0.352     -0.55   0.011   0.019
   50444.590    -3.935     0.945     0.611     -0.33   0.015   0.031
   50444.835     1.955     0.945    -1.000    -10.00   0.015   0.000
   50445.696    -1.309     1.136    -1.000    -10.00   0.017   0.000
   50445.832     1.952     1.488     0.689     -0.59   0.023   0.035
   50446.693    -1.311     0.694    -1.000    -10.00   0.011   0.000
   50446.746    -0.045     0.872     0.302     -0.81   0.014   0.016
   50446.829     1.955     0.806    -1.000    -10.00   0.013   0.000
   50447.582    -3.933     0.890     0.236     -1.02   0.014   0.013
   50447.690    -1.308     0.920     0.293     -0.88   0.014   0.016
   50447.743    -0.049     0.951     0.310     -0.86   0.015   0.017
   50454.725    -0.048     0.740     0.244     -0.85   0.012   0.013
   50454.808     1.953     0.758     0.276     -0.77   0.012   0.015
   50456.558    -3.936     0.688     0.251     -0.77   0.011   0.014
   50456.666    -1.310     0.787     0.340     -0.64   0.012   0.018
   50456.719    -0.049     0.831     0.349     -0.67   0.013   0.018
   50456.802     1.952     0.872     0.391     -0.61   0.014   0.020
   50457.555    -3.932     0.846     0.123     -1.48   0.013   0.008
   50457.663    -1.310     0.990     0.301     -0.91   0.015   0.016
   50457.716    -0.049     1.000     0.320     -0.87   0.015   0.017
   50457.799     1.952     0.990     0.390     -0.71   0.015   0.020
   50458.552    -3.933     0.874     0.240     -0.99   0.014   0.013
   50458.661    -1.309     0.919     0.290     -0.88   0.014   0.016
   50458.713    -0.048     0.911     0.295     -0.86   0.014   0.016
   50458.796     1.952     0.815     0.292     -0.79   0.013   0.016
   50459.549    -3.930     1.040     0.435     -0.67   0.016   0.022
   50459.658    -1.307     1.163     0.606     -0.50   0.018   0.031
   50459.711    -0.050     1.206     0.629     -0.50   0.018   0.032
   50459.794     1.952     1.246     0.679     -0.47   0.019   0.034
   50460.547    -3.930     0.990     0.309     -0.89   0.015   0.016
   50460.655    -1.311     0.985     0.359     -0.77   0.015   0.019
   50460.708    -0.048     0.835     0.397     -0.57   0.013   0.021
   50460.791     1.952     1.034     0.445     -0.65   0.016   0.023
   50461.544    -3.935     0.921     0.272     -0.93   0.014   0.015
   50461.652    -1.306     0.938     0.341     -0.77   0.015   0.018
   50461.705    -0.048     0.966     0.409     -0.66   0.015   0.021
   50461.788     1.954     0.978     0.468     -0.56   0.015   0.024
   50462.541    -3.936     0.983     0.312     -0.88   0.015   0.017
   50463.538    -3.932     0.822     0.336     -0.69   0.013   0.018
   50463.647    -1.309     0.861     0.418     -0.55   0.013   0.022
   50463.699    -0.050     0.872     0.441     -0.52   0.014   0.023
   50463.782     1.952     0.878     0.512     -0.41   0.014   0.026
   50464.697    -0.044     0.880     0.314     -0.79   0.014   0.017
   50464.780     1.953     0.857     0.396     -0.59   0.013   0.021
   50465.532    -3.934     0.867     0.335     -0.73   0.014   0.018
   50465.642    -1.306     0.920     0.437     -0.57   0.014   0.023
   50466.530    -3.929     0.858     0.338     -0.71   0.013   0.018
   50466.639    -1.308     0.881     0.370     -0.67   0.014   0.019
   50466.691    -0.048     0.895     0.412     -0.59   0.014   0.021
   50466.774     1.953     0.903     0.475     -0.49   0.014   0.024
   50467.691     0.020     0.755     0.257     -0.83   0.012   0.014
   50467.771     1.954     0.762     0.285     -0.75   0.012   0.015
   50468.524    -3.936     0.674     0.183     -1.00   0.011   0.011
   50468.634    -1.308     0.724     0.253     -0.81   0.011   0.014
   50468.686    -0.049     0.752     0.372     -0.54   0.012   0.019
   50468.769     1.952     0.823     0.466     -0.44   0.013   0.024
   50469.521    -3.935     0.908     0.252     -0.98   0.014   0.014
   50470.520    -3.932     0.732     0.205     -0.98   0.012   0.012
   50470.628    -1.308     0.771     0.245     -0.88   0.012   0.014
   50470.681    -0.045     0.773     0.259     -0.84   0.012   0.014
   50470.764     1.955     0.794     0.287     -0.78   0.012   0.015
   50471.625    -1.310     0.730     0.241     -0.85   0.012   0.013
   50471.678    -0.045     0.748     0.267     -0.79   0.012   0.015
   50471.761     1.952     0.764     0.299     -0.72   0.012   0.016
   50472.514    -3.933     0.707     0.199     -0.97   0.011   0.011
   50472.622    -1.311     0.739     0.234     -0.88   0.012   0.013
   50473.511    -3.937     0.772     0.209     -1.00   0.012   0.012
   50473.620    -1.310     0.803     0.249     -0.90   0.013   0.014
   50473.673    -0.047     0.818     0.281     -0.82   0.013   0.015
   50473.756     1.952     0.832     0.335     -0.70   0.013   0.018
   50474.508    -3.935     0.827     0.296     -0.79   0.013   0.016
   50474.617    -1.309     0.863     0.373     -0.64   0.013   0.020
   50474.753     1.951     0.926     0.471     -0.52   0.014   0.024
   50475.505    -3.934     0.898     0.270     -0.92   0.014   0.015
   50475.615    -1.299     0.971     0.323     -0.84   0.015   0.017
   50475.750     1.954     1.006     0.433     -0.65   0.016   0.022
   50476.747     1.953     1.006     0.398     -0.71   0.016   0.021
   50477.499    -3.950     0.869     0.228     -1.02   0.014   0.013
   50477.609    -1.299     0.893     0.270     -0.92   0.014   0.015
   50477.744     1.952     0.914     0.342     -0.75   0.014   0.018
   50478.497    -3.947     0.828     0.223     -1.00   0.013   0.013
   50478.606    -1.296     0.862     0.266     -0.90   0.013   0.014
   50478.742     1.954     0.907     0.342     -0.75   0.014   0.018
   50479.493    -3.954     0.788     0.209     -1.02   0.012   0.012
   50479.604    -1.298     0.828     0.256     -0.90   0.013   0.014
   50479.739     1.955     0.863     0.325     -0.75   0.013   0.017
   50480.491    -3.953     1.060     0.486     -0.60   0.016   0.025
   50480.613    -1.015     0.091     0.088     -0.03   0.004   0.007
   50480.736     1.953     1.236     0.718     -0.42   0.019   0.036
   50481.488    -3.949     1.326     0.435     -0.85   0.020   0.022
   50481.599    -1.299     1.394     0.516     -0.76   0.021   0.026
   50481.733     1.954     1.390     0.598     -0.65   0.021   0.030
   50482.485    -3.956     1.005     0.271     -1.00   0.016   0.015
   50482.596    -1.301     1.006     0.306     -0.91   0.016   0.016
   50482.730     1.951     1.008     0.399     -0.71   0.016   0.021
   50483.482    -3.955     0.792     0.187     -1.11   0.012   0.011
   50484.480    -3.950     0.710     0.190     -1.01   0.011   0.011
   50484.591    -1.285     0.733     0.229     -0.89   0.012   0.013
   50484.726     1.953     0.762     0.287     -0.75   0.012   0.015
   50485.478    -3.951     0.672     0.176     -1.03   0.011   0.010
   50485.588    -1.285     0.700     0.220     -0.89   0.011   0.012
   50485.723     1.951     0.719     0.291     -0.69   0.011   0.016
   50486.475    -3.955     0.655     0.179     -0.99   0.010   0.011
   50486.585    -1.285     0.699     0.220     -0.89   0.011   0.012
   50489.629    -0.045     0.974     0.392     -0.70   0.015   0.020
   50489.712     1.954     0.990     0.399     -0.70   0.015   0.021
   50490.464    -3.936     0.856     0.275     -0.87   0.013   0.015
   50491.464    -3.891     0.781     0.237     -0.91   0.012   0.013
   50491.570    -1.309     0.821     0.265     -0.87   0.013   0.014
   50491.623    -0.047     0.813     0.262     -0.87   0.013   0.014
   50491.706     1.952     0.802     0.322     -0.70   0.013   0.017
   50492.461    -3.892     0.705     0.203     -0.95   0.011   0.012
   50492.568    -1.310     0.745     0.242     -0.86   0.012   0.013
   50492.620    -0.046     0.748     0.248     -0.85   0.012   0.014
   50492.703     1.939     0.740     0.287     -0.73   0.012   0.015
   50493.617    -0.049     0.633     0.146     -1.12   0.010   0.009
   50493.701     1.954     0.489     0.185     -0.75   0.008   0.011
   50494.455    -3.892     0.610     0.167     -0.99   0.010   0.010
   50494.562    -1.310     0.649     0.227     -0.81   0.010   0.013
   50494.615    -0.045     0.660     0.238     -0.78   0.011   0.013
   50494.698     1.951     0.677     0.287     -0.66   0.011   0.015
   50495.452    -3.894     0.635     0.202     -0.88   0.010   0.012
   50495.560    -1.309     0.685     0.253     -0.76   0.011   0.014
   50495.612    -0.045     0.695     0.282     -0.69   0.011   0.015
   50495.695     1.953     0.708     0.326     -0.59   0.011   0.017
   50496.450    -3.891     0.649     0.210     -0.86   0.010   0.012
   50496.558    -1.308     0.685     0.268     -0.72   0.011   0.015
   50496.609    -0.050     0.689     0.288     -0.67   0.011   0.015
   50496.692     1.954     0.698     0.336     -0.56   0.011   0.018
   50497.447    -3.895     0.649     0.224     -0.81   0.010   0.013
   50498.444    -3.895     0.670     0.213     -0.88   0.011   0.012
   50498.552    -1.310     0.692     0.246     -0.79   0.011   0.014
   50498.604    -0.046     0.695     0.271     -0.72   0.011   0.015
   50498.687     1.956     0.705     0.313     -0.62   0.011   0.017
   50499.441    -3.892     0.628     0.185     -0.94   0.010   0.011
   50499.602    -0.049     0.648     0.239     -0.76   0.010   0.013
   50500.438    -3.893     0.811     0.785     -0.03   0.013   0.040
   50500.599    -0.049     1.112     1.647      0.30   0.017   0.083
   50501.436    -3.896     1.544     0.547     -0.80   0.023   0.028
   50501.596    -0.045     1.663     0.803     -0.56   0.025   0.041
   50502.434    -3.894     1.758     0.623     -0.80   0.027   0.032
   50502.593    -0.047     1.933     0.898     -0.59   0.029   0.045
   50503.431    -3.893     1.909     0.560     -0.94   0.029   0.029
   50503.591    -0.046     2.074     0.876     -0.66   0.031   0.044
   50504.428    -3.895     1.750     0.549     -0.89   0.027   0.028
   50505.425    -3.893     1.522     0.500     -0.85   0.023   0.026
   50505.532    -1.312     1.615     0.641     -0.71   0.025   0.033
   50505.586    -0.021     1.604     0.685     -0.65   0.024   0.035
   50505.668     1.953     1.564     0.772     -0.54   0.024   0.039
   50505.714     3.065     1.535     0.813     -0.49   0.023   0.041
   50506.423    -3.892     1.234     0.410     -0.84   0.019   0.021
   50506.530    -1.309     1.289     0.486     -0.75   0.020   0.025
   50506.582    -0.047     1.282     0.529     -0.68   0.020   0.027
   50506.665     1.954     1.265     0.557     -0.63   0.019   0.028
   50506.712     3.065     1.232     0.575     -0.58   0.019   0.029
   50507.420    -3.889     1.013     0.323     -0.88   0.016   0.017
   50507.527    -1.309     1.068     0.426     -0.70   0.016   0.022
   50507.579    -0.047     1.082     0.462     -0.65   0.017   0.024
   50507.663     1.955     1.078     0.526     -0.55   0.017   0.027
   50507.709     3.067     1.057     0.538     -0.52   0.016   0.027
   50508.417    -3.892     0.901     0.237     -1.02   0.014   0.013
   50508.524    -1.309     0.932     0.223     -1.10   0.014   0.013
   50508.577    -0.049     0.977     0.354     -0.78   0.015   0.019
   50508.660     1.952     0.946     0.241     -1.05   0.015   0.013
   50508.706     3.067     0.961     0.342     -0.79   0.015   0.018
   50509.414    -3.892     0.837     0.260     -0.90   0.013   0.014
   50509.521    -1.310     0.872     0.340     -0.72   0.014   0.018
   50509.574    -0.047     0.883     0.362     -0.68   0.014   0.019
   50509.657     1.951     0.877     0.432     -0.54   0.014   0.022
   50509.703     3.067     0.872     0.439     -0.53   0.014   0.023
   50510.411    -3.892     0.733     0.209     -0.96   0.012   0.012
   50510.519    -1.307     0.767     0.239     -0.89   0.012   0.013
   50510.571    -0.046     0.749     0.165     -1.16   0.012   0.010
   50510.654     1.953     0.802     0.308     -0.73   0.013   0.016
   50510.700     3.064     0.783     0.286     -0.77   0.012   0.015
   50511.409    -3.892     0.666     0.204     -0.91   0.011   0.012
   50511.516    -1.311     0.695     0.261     -0.75   0.011   0.014
   50512.406    -3.891     0.619     0.193     -0.89   0.010   0.011
   50512.514    -1.310     0.660     0.246     -0.76   0.011   0.014
   50512.566    -0.026     0.655     0.272     -0.67   0.010   0.015
   50512.649     1.953     0.661     0.322     -0.55   0.011   0.017
   50512.695     3.067     0.669     0.363     -0.47   0.011   0.019
   50513.646     1.952     0.671     0.293     -0.63   0.011   0.016
   50513.692     3.064     0.661     0.375     -0.43   0.011   0.020
   50515.397    -3.895     0.597     0.208     -0.81   0.010   0.012
   50515.505    -1.309     0.629     0.260     -0.68   0.010   0.014
   50515.559    -0.025     0.633     0.291     -0.60   0.010   0.016
   50515.641     1.956     0.654     0.351     -0.48   0.010   0.018
   50515.687     3.068     0.651     0.375     -0.42   0.010   0.020
   50516.396    -3.893     0.620     0.219     -0.80   0.010   0.012
   50516.502    -1.311     0.668     0.259     -0.73   0.011   0.014
   50516.557    -0.005     0.655     0.301     -0.60   0.010   0.016
   50516.638     1.956     0.674     0.332     -0.54   0.011   0.018
   50516.685     3.067     0.671     0.351     -0.50   0.011   0.018
   50517.393    -3.890     0.609     0.168     -0.99   0.010   0.010
   50517.500    -1.306     0.644     0.235     -0.77   0.010   0.013
   50517.554    -0.007     0.649     0.258     -0.71   0.010   0.014
   50517.635     1.951     0.671     0.286     -0.65   0.011   0.015
   50517.682     3.066     0.666     0.309     -0.59   0.011   0.016
   50518.390    -3.892     0.587     0.171     -0.94   0.010   0.010
   50518.497    -1.313     0.615     0.203     -0.85   0.010   0.012
   50519.630     1.953     0.762     0.536     -0.27   0.012   0.027
   50519.676     3.063     0.773     0.590     -0.21   0.012   0.030
   50520.384    -3.892     0.971     0.383     -0.71   0.015   0.020
   50520.491    -1.312     1.011     0.412     -0.69   0.016   0.021
   50520.544    -0.045     0.989     0.437     -0.63   0.015   0.023
   50520.627     1.951     0.968     0.471     -0.55   0.015   0.024
   50520.673     3.063     0.936     0.504     -0.47   0.015   0.026
   50521.382    -3.894     0.769     0.224     -0.94   0.012   0.013
   50521.489    -1.308     0.844     0.279     -0.85   0.013   0.015
   50521.541    -0.049     0.866     0.305     -0.80   0.014   0.016
   50521.624     1.952     0.885     0.399     -0.61   0.014   0.021
   50521.671     3.067     0.876     0.418     -0.57   0.014   0.022
   50522.379    -3.893     0.879     0.511     -0.42   0.014   0.026
   50522.486    -1.308     0.951     0.632     -0.31   0.015   0.032
   50522.538    -0.049     0.972     0.649     -0.31   0.015   0.033
   50522.622     1.953     0.981     0.670     -0.29   0.015   0.034
   50522.668     3.065     0.971     0.667     -0.29   0.015   0.034
   50523.376    -3.893     0.824     0.247     -0.92   0.013   0.014
   50523.483    -1.312     0.879     0.312     -0.79   0.014   0.017
   50523.536    -0.047     0.885     0.348     -0.71   0.014   0.018
   50523.619     1.954     0.888     0.384     -0.64   0.014   0.020
   50523.665     3.062     0.867     0.416     -0.56   0.014   0.022
   50524.373    -3.892     0.772     0.222     -0.95   0.012   0.012
   50524.480    -1.309     0.821     0.276     -0.83   0.013   0.015
   50524.533    -0.045     0.812     0.301     -0.76   0.013   0.016
   50524.616     1.954     0.819     0.350     -0.65   0.013   0.018
   50524.662     3.064     0.810     0.381     -0.58   0.013   0.020
   50525.370    -3.895     0.816     0.352     -0.64   0.013   0.019
   50525.478    -1.308     0.928     0.558     -0.39   0.014   0.028
   50525.530    -0.044     0.970     0.644     -0.31   0.015   0.033
   50526.368    -3.891     1.046     0.353     -0.83   0.016   0.019
   50526.476    -1.310     1.096     0.408     -0.76   0.017   0.021
   50526.527    -0.047     1.105     0.445     -0.70   0.017   0.023
   50526.611     1.956     1.074     0.494     -0.60   0.017   0.025
   50526.657     3.065     1.043     0.547     -0.49   0.016   0.028
   50527.365    -3.892     0.799     0.231     -0.95   0.013   0.013
   50527.473    -1.309     0.841     0.277     -0.85   0.013   0.015
   50527.524    -0.049     0.835     0.296     -0.79   0.013   0.016
   50527.608     1.953     0.854     0.343     -0.70   0.013   0.018
   50527.654     3.065     0.841     0.380     -0.61   0.013   0.020
   50528.362    -3.888     0.729     0.213     -0.94   0.012   0.012
   50528.470    -1.311     0.813     0.282     -0.81   0.013   0.015
   50528.522    -0.044     0.831     0.304     -0.77   0.013   0.016
   50528.605     1.955     0.822     0.327     -0.71   0.013   0.017
   50528.651     3.067     0.805     0.355     -0.63   0.013   0.019
   50529.359    -3.891     0.717     0.210     -0.94   0.011   0.012
   50529.467    -1.305     0.753     0.239     -0.88   0.012   0.013
   50529.520    -0.045     0.752     0.236     -0.89   0.012   0.013
   50529.603     1.957     0.775     0.300     -0.73   0.012   0.016
   50529.648     3.066     0.768     0.335     -0.64   0.012   0.018
   50530.356    -3.892     0.651     0.294     -0.61   0.010   0.016
   50530.464    -1.308     0.691     0.430     -0.36   0.011   0.022
   50530.517    -0.045     0.700     0.530     -0.21   0.011   0.027
   50530.600     1.954     0.740     0.660     -0.09   0.012   0.033
   50530.646     3.066     0.755     0.734     -0.02   0.012   0.037
   50533.349    -3.889     0.698     0.224     -0.87   0.011   0.013
   50533.456    -1.309     0.728     0.371     -0.52   0.012   0.019
   50533.509    -0.047     0.795     0.439     -0.46   0.012   0.023
   50533.592     1.951     0.824     0.481     -0.41   0.013   0.025
   50533.638     3.067     0.816     0.506     -0.37   0.013   0.026
   50535.343    -3.893     0.790     0.240     -0.91   0.012   0.013
   50535.503    -0.045     0.835     0.300     -0.78   0.013   0.016
   50535.586     1.952     0.829     0.313     -0.75   0.013   0.017
   50535.633     3.066     0.822     0.339     -0.68   0.013   0.018
   50536.341    -3.892     0.643     0.174     -1.00   0.010   0.010
   50536.500    -0.046     0.659     0.223     -0.83   0.011   0.013
   50536.584     1.954     0.660     0.229     -0.81   0.011   0.013
   50536.630     3.068     0.671     0.281     -0.67   0.011   0.015
   50537.338    -3.894     0.555     0.146     -1.02   0.009   0.009
   50537.498    -0.048     0.597     0.217     -0.77   0.010   0.012
   50537.581     1.952     0.610     0.274     -0.61   0.010   0.015
   50537.627     3.064     0.612     0.309     -0.52   0.010   0.016
   50538.335    -3.893     0.713     0.243     -0.82   0.011   0.013
   50539.332    -3.891     0.794     0.260     -0.86   0.012   0.014
   50539.492    -0.047     0.824     0.322     -0.72   0.013   0.017
   50539.575     1.956     0.828     0.342     -0.68   0.013   0.018
   50539.621     3.066     0.815     0.371     -0.60   0.013   0.019
   50540.330    -3.892     0.660     0.170     -1.04   0.011   0.010
   50540.489    -0.049     0.703     0.230     -0.86   0.011   0.013
   50540.572     1.952     0.684     0.240     -0.80   0.011   0.013
   50540.619     3.067     0.683     0.270     -0.71   0.011   0.015
   50541.327    -3.890     0.570     0.147     -1.04   0.009   0.009
   50541.486    -0.049     0.588     0.182     -0.90   0.010   0.011
   50541.569     1.951     0.585     0.192     -0.85   0.010   0.011
   50541.616     3.067     0.578     0.199     -0.82   0.009   0.011
   50542.324    -3.890     0.508     0.123     -1.09   0.008   0.008
   50542.484    -0.047     0.551     0.161     -0.94   0.009   0.010
   50542.567     1.954     0.563     0.187     -0.84   0.009   0.011
   50542.613     3.064     0.554     0.211     -0.74   0.009   0.012
   50543.321    -3.893     0.448     0.116     -1.03   0.008   0.008
   50543.481    -0.047     0.477     0.156     -0.86   0.008   0.010
   50543.564     1.952     0.491     0.229     -0.58   0.008   0.013
   50543.610     3.069     0.496     0.261     -0.49   0.008   0.014
   50544.318    -3.890     0.540     0.205     -0.74   0.009   0.012
   50544.479    -0.044     0.607     0.247     -0.69   0.010   0.014
   50544.562     1.955     0.605     0.224     -0.76   0.010   0.013
   50544.608     3.068     0.611     0.276     -0.61   0.010   0.015
   50545.315    -3.894     0.482     0.116     -1.09   0.008   0.008
   50545.476    -0.048     0.515     0.178     -0.81   0.009   0.011
   50545.559     1.952     0.523     0.207     -0.71   0.009   0.012
   50545.605     3.067     0.519     0.241     -0.59   0.009   0.013
   50546.313    -3.894     0.577     0.173     -0.92   0.009   0.010
   50546.473    -0.048     0.643     0.237     -0.76   0.010   0.013
   50547.311    -3.891     0.476     0.121     -1.05   0.008   0.008
   50547.471    -0.048     0.510     0.156     -0.91   0.008   0.010
   50547.554     1.953     0.514     0.181     -0.80   0.009   0.011
   50547.600     3.065     0.498     0.171     -0.82   0.008   0.010
   50549.305    -3.892     0.390     0.089     -1.13   0.007   0.007
   50549.465    -0.048     0.425     0.187     -0.63   0.007   0.011
   50549.548     1.952     0.450     0.244     -0.47   0.008   0.013
   50549.594     3.064     0.465     0.271     -0.41   0.008   0.015
   50550.303    -3.893     0.573     0.195     -0.83   0.009   0.011
   50550.462    -0.049     0.671     0.301     -0.61   0.011   0.016
   50550.545     1.955     0.692     0.296     -0.65   0.011   0.016
   50550.592     3.067     0.680     0.294     -0.64   0.011   0.016
   50551.300    -3.891     0.724     0.250     -0.81   0.011   0.014
   50551.459    -0.048     0.732     0.343     -0.58   0.012   0.018
   50551.542     1.951     0.730     0.369     -0.52   0.012   0.019
   50551.589     3.067     0.722     0.397     -0.46   0.011   0.021
   50553.294    -3.889     0.444     0.112     -1.05   0.008   0.008
   50553.454    -0.047     0.411     0.140     -0.82   0.007   0.009
   50554.580     3.065     0.506     0.314     -0.37   0.008   0.017
   50555.289    -3.895     0.561     0.184     -0.85   0.009   0.011
   50555.531     1.954     0.646     0.291     -0.61   0.010   0.016
   50555.578     3.064     0.642     0.364     -0.44   0.010   0.019
   50556.286    -3.893     0.622     0.206     -0.85   0.010   0.012
   50556.445    -0.048     0.664     0.255     -0.73   0.011   0.014
   50556.528     1.950     0.677     0.292     -0.64   0.011   0.016
   50556.575     3.066     0.684     0.328     -0.56   0.011   0.017
   50557.283    -3.892     0.677     0.204     -0.92   0.011   0.012
   50557.443    -0.048     0.759     0.267     -0.80   0.012   0.015
   50557.526     1.954     0.757     0.291     -0.73   0.012   0.016
   50557.572     3.067     0.743     0.322     -0.64   0.012   0.017
   50558.280    -3.889     0.587     0.152     -1.03   0.010   0.009
   50558.440    -0.049     0.611     0.201     -0.85   0.010   0.012
   50558.523     1.952     0.594     0.208     -0.80   0.010   0.012
   50558.569     3.065     0.584     0.228     -0.72   0.010   0.013
   50559.277    -3.895     0.494     0.156     -0.88   0.008   0.010
   50559.437    -0.047     0.529     0.266     -0.53   0.009   0.014
   50559.521     1.952     0.543     0.332     -0.38   0.009   0.018
   50559.567     3.067     0.534     0.345     -0.34   0.009   0.018
   50560.275    -3.893     0.635     0.234     -0.76   0.010   0.013
   50560.435    -0.049     0.691     0.324     -0.58   0.011   0.017
   50561.562     3.065     0.636     0.262     -0.68   0.010   0.014
   50562.270    -3.892     0.538     0.213     -0.71   0.009   0.012
   50562.430    -0.047     0.616     0.358     -0.42   0.010   0.019
   50562.513     1.954     0.677     0.446     -0.32   0.011   0.023
   50562.559     3.067     0.697     0.495     -0.26   0.011   0.025
   50563.267    -3.893     0.771     0.263     -0.82   0.012   0.014
   50563.427    -0.046     0.814     0.365     -0.61   0.013   0.019
   50563.510     1.954     0.786     0.365     -0.59   0.012   0.019
   50563.556     3.066     0.771     0.371     -0.56   0.012   0.019
   50564.264    -3.892     0.660     0.214     -0.86   0.011   0.012
   50564.424    -0.049     0.676     0.247     -0.77   0.011   0.014
   50564.507     1.952     0.670     0.260     -0.73   0.011   0.014
   50564.553     3.064     0.645     0.279     -0.64   0.010   0.015
   50565.262    -3.891     0.517     0.228     -0.63   0.009   0.013
   50565.421    -0.047     0.560     0.342     -0.38   0.009   0.018
   50565.504     1.954     0.573     0.379     -0.32   0.009   0.020
   50565.551     3.066     0.564     0.401     -0.26   0.009   0.021
   50566.259    -3.892     0.688     0.347     -0.52   0.011   0.018
   50566.418    -0.049     0.734     0.487     -0.31   0.012   0.025
   50566.502     1.952     0.730     0.555     -0.21   0.012   0.028
   50566.549     3.087     0.720     0.593     -0.15   0.011   0.030
   50567.256    -3.897     0.700     0.199     -0.96   0.011   0.011
   50567.426     0.190     0.746     0.257     -0.82   0.012   0.014
   50567.499     1.954     0.728     0.259     -0.79   0.012   0.014
   50569.250    -3.892     0.493     0.148     -0.92   0.008   0.009
   50569.420     0.191     0.502     0.165     -0.85   0.008   0.010
   50569.493     1.955     0.505     0.188     -0.76   0.008   0.011
   50569.539     3.064     0.501     0.175     -0.81   0.008   0.010
   50570.248    -3.892     0.378     0.107     -0.97   0.007   0.008
   50570.417     0.190     0.390     0.123     -0.88   0.007   0.008
   50570.490     1.952     0.406     0.146     -0.78   0.007   0.009
   50570.537     3.065     0.412     0.171     -0.67   0.007   0.010
   50571.245    -3.892     0.357     0.105     -0.94   0.007   0.008
   50571.415     0.193     0.364     0.113     -0.90   0.007   0.008
   50571.487     1.951     0.385     0.143     -0.76   0.007   0.009
   50571.534     3.066     0.386     0.170     -0.63   0.007   0.010
   50572.242    -3.894     0.366     0.135     -0.76   0.007   0.009
   50572.412     0.192     0.383     0.154     -0.70   0.007   0.010
   50572.485     1.952     0.397     0.171     -0.64   0.007   0.010
   50572.531     3.068     0.401     0.184     -0.60   0.007   0.011
   50573.239    -3.893     0.361     0.131     -0.78   0.007   0.009
   50573.409     0.191     0.396     0.153     -0.73   0.007   0.010
   50573.482     1.952     0.409     0.176     -0.65   0.007   0.010
   50573.528     3.065     0.417     0.202     -0.56   0.007   0.012
   50574.237    -3.891     0.369     0.131     -0.79   0.007   0.009
   50574.406     0.190     0.397     0.169     -0.65   0.007   0.010
   50574.479     1.954     0.413     0.197     -0.57   0.007   0.011
   50575.234    -3.893     0.391     0.162     -0.68   0.007   0.010
   50575.403     0.188     0.426     0.194     -0.60   0.007   0.011
   50575.477     1.953     0.449     0.214     -0.57   0.008   0.012
   50575.523     3.067     0.447     0.248     -0.45   0.008   0.014
   50576.231    -3.893     0.415     0.169     -0.69   0.007   0.010
   50576.401     0.191     0.434     0.186     -0.65   0.007   0.011
   50576.475     1.954     0.456     0.217     -0.57   0.008   0.012
   50576.521     3.065     0.452     0.226     -0.53   0.008   0.013
   50577.229    -3.895     0.409     0.167     -0.69   0.007   0.010
   50577.398     0.192     0.437     0.224     -0.51   0.008   0.013
   50577.472     1.953     0.456     0.251     -0.46   0.008   0.014
   50577.518     3.069     0.452     0.279     -0.37   0.008   0.015
   50578.226    -3.899     0.433     0.214     -0.54   0.007   0.012
   50578.396     0.189     0.467     0.249     -0.48   0.008   0.014
   50578.469     1.955     0.484     0.265     -0.46   0.008   0.014
   50578.515     3.066     0.491     0.300     -0.38   0.008   0.016
   50579.224    -3.892     0.458     0.198     -0.64   0.008   0.011
   50579.393     0.191     0.498     0.240     -0.56   0.008   0.013
   50579.466     1.952     0.509     0.251     -0.54   0.008   0.014
   50579.513     3.068     0.501     0.280     -0.45   0.008   0.015
   50580.221    -3.890     0.459     0.201     -0.63   0.008   0.012
   50580.391     0.195     0.489     0.237     -0.56   0.008   0.013
   50580.463     1.954     0.506     0.256     -0.52   0.008   0.014
   50580.510     3.066     0.486     0.275     -0.44   0.008   0.015
   50581.218    -3.893     0.453     0.194     -0.65   0.008   0.011
   50581.388     0.190     0.486     0.212     -0.64   0.008   0.012
   50581.461     1.953     0.499     0.228     -0.60   0.008   0.013
   50582.215    -3.895     0.474     0.211     -0.62   0.008   0.012
   50582.385     0.192     0.515     0.240     -0.58   0.009   0.013
   50582.458     1.953     0.538     0.277     -0.51   0.009   0.015
   50582.504     3.064     0.529     0.306     -0.42   0.009   0.016
   50583.212    -3.892     0.486     0.153     -0.88   0.008   0.010
   50583.382     0.189     0.527     0.258     -0.55   0.009   0.014
   50583.455     1.955     0.560     0.293     -0.50   0.009   0.016
   50583.501     3.064     0.550     0.327     -0.40   0.009   0.017
   50584.209    -3.895     0.516     0.247     -0.56   0.009   0.014
   50584.379     0.192     0.559     0.265     -0.57   0.009   0.014
   50584.452     1.952     0.582     0.312     -0.48   0.009   0.017
   50584.499     3.063     0.580     0.336     -0.42   0.009   0.018
   50585.207    -3.893     0.528     0.225     -0.65   0.009   0.013
   50585.376     0.189     0.558     0.256     -0.60   0.009   0.014
   50585.449     1.953     0.573     0.290     -0.52   0.009   0.016
   50585.496     3.064     0.573     0.313     -0.46   0.009   0.017
   50587.201    -3.891     0.544     0.235     -0.64   0.009   0.013
   50587.371     0.191     0.585     0.261     -0.62   0.010   0.014
   50587.444     1.953     0.607     0.311     -0.51   0.010   0.017
   50587.490     3.063     0.594     0.338     -0.43   0.010   0.018
   50588.198    -3.893     0.542     0.245     -0.61   0.009   0.014
   50588.368     0.188     0.573     0.273     -0.57   0.009   0.015
   50588.441     1.953     0.589     0.295     -0.53   0.010   0.016
   50588.487     3.067     0.579     0.309     -0.48   0.009   0.016
   50589.195    -3.894     0.524     0.211     -0.70   0.009   0.012
   50589.365     0.192     0.573     0.258     -0.61   0.009   0.014
   50589.438     1.954     0.585     0.267     -0.60   0.010   0.015
   50589.485     3.065     0.572     0.294     -0.51   0.009   0.016
   50590.193    -3.893     0.511     0.199     -0.72   0.009   0.011
   50590.362     0.190     0.558     0.225     -0.70   0.009   0.013
   50590.436     1.951     0.569     0.257     -0.61   0.009   0.014
   50590.482     3.066     0.555     0.282     -0.52   0.009   0.015
   50591.190    -3.894     0.484     0.179     -0.76   0.008   0.011
   50591.360     0.191     0.529     0.222     -0.67   0.009   0.012
   50591.434     1.953     0.551     0.251     -0.60   0.009   0.014
   50591.479     3.065     0.537     0.260     -0.56   0.009   0.014
   50592.187    -3.891     0.486     0.196     -0.70   0.008   0.011
   50592.357     0.190     0.531     0.234     -0.63   0.009   0.013
   50592.431     1.954     0.542     0.267     -0.54   0.009   0.015
   50592.477     3.068     0.543     0.290     -0.48   0.009   0.016
   50593.185    -3.894     0.510     0.196     -0.73   0.008   0.011
   50593.354     0.190     0.559     0.239     -0.65   0.009   0.013
   50593.428     1.951     0.577     0.265     -0.60   0.009   0.014
   50593.474     3.065     0.574     0.286     -0.53   0.009   0.015
   50594.183    -3.894     0.537     0.205     -0.74   0.009   0.012
   50594.352     0.191     0.580     0.202     -0.81   0.009   0.012
   50594.425     1.952     0.618     0.265     -0.65   0.010   0.014
   50594.472     3.065     0.612     0.278     -0.61   0.010   0.015
   50595.180    -3.895     0.568     0.213     -0.75   0.009   0.012
   50595.350     0.192     0.616     0.240     -0.72   0.010   0.013
   50595.422     1.951     0.632     0.260     -0.68   0.010   0.014
   50595.469     3.065     0.531     0.290     -0.46   0.009   0.016
   50596.177    -3.895     0.566     0.192     -0.83   0.009   0.011
   50596.347     0.191     0.603     0.231     -0.74   0.010   0.013
   50596.420     1.953     0.624     0.238     -0.74   0.010   0.013
   50596.466     3.067     0.615     0.281     -0.60   0.010   0.015
   50597.174    -3.893     0.535     0.182     -0.83   0.009   0.011
   50597.344     0.188     0.567     0.224     -0.71   0.009   0.013
   50597.417     1.952     0.584     0.243     -0.67   0.010   0.013
   50597.463     3.067     0.577     0.271     -0.58   0.009   0.015
   50598.171    -3.891     0.494     0.184     -0.76   0.008   0.011
   50598.341     0.188     0.530     0.214     -0.69   0.009   0.012
   50598.414     1.952     0.549     0.246     -0.62   0.009   0.014
   50598.460     3.064     0.540     0.262     -0.55   0.009   0.014
   50599.169    -3.894     0.499     0.195     -0.72   0.008   0.011
   50599.338     0.192     0.544     0.223     -0.68   0.009   0.013
   50599.411     1.955     0.573     0.245     -0.65   0.009   0.014
   50599.458     3.067     0.566     0.247     -0.63   0.009   0.014
   50600.166    -3.893     0.546     0.207     -0.74   0.009   0.012
   50600.336     0.190     0.601     0.253     -0.66   0.010   0.014
   50600.409     1.953     0.622     0.282     -0.61   0.010   0.015
   50600.455     3.065     0.626     0.313     -0.53   0.010   0.017
   50601.163    -3.892     0.608     0.229     -0.75   0.010   0.013
   50601.333     0.191     0.659     0.282     -0.65   0.011   0.015
   50601.406     1.955     0.673     0.308     -0.60   0.011   0.016
   50601.452     3.067     0.673     0.328     -0.55   0.011   0.017
   50602.160    -3.892     0.607     0.220     -0.78   0.010   0.012
   50602.330     0.189     0.648     0.277     -0.65   0.010   0.015
   50602.403     1.954     0.660     0.306     -0.59   0.011   0.016
   50602.449     3.065     0.643     0.313     -0.55   0.010   0.017
   50603.157    -3.895     0.577     0.207     -0.79   0.009   0.012
   50603.327     0.188     0.619     0.238     -0.73   0.010   0.013
   50603.400     1.951     0.634     0.261     -0.68   0.010   0.014
   50603.446     3.066     0.630     0.292     -0.59   0.010   0.016
   50604.155    -3.894     0.552     0.190     -0.82   0.009   0.011
   50604.324     0.191     0.590     0.220     -0.76   0.010   0.012
   50604.397     1.951     0.602     0.243     -0.69   0.010   0.013
   50604.444     3.065     0.601     0.270     -0.61   0.010   0.015
   50605.152    -3.892     0.530     0.197     -0.76   0.009   0.011
   50605.322     0.189     0.573     0.226     -0.71   0.009   0.013
   50605.395     1.952     0.593     0.260     -0.63   0.010   0.014
   50605.441     3.064     0.592     0.280     -0.57   0.010   0.015
   50606.149    -3.894     0.545     0.208     -0.74   0.009   0.012
   50606.319     0.189     0.597     0.247     -0.68   0.010   0.014
   50606.393     1.951     0.613     0.270     -0.63   0.010   0.015
   50606.438     3.063     0.614     0.297     -0.56   0.010   0.016
   50607.146    -3.892     0.575     0.209     -0.77   0.009   0.012
   50607.316     0.194     0.634     0.260     -0.68   0.010   0.014
   50607.390     1.954     0.653     0.286     -0.63   0.010   0.015
   50607.436     3.065     0.650     0.306     -0.58   0.010   0.016
   50608.144    -3.893     0.569     0.214     -0.75   0.009   0.012
   50608.313     0.191     0.628     0.256     -0.69   0.010   0.014
   50608.387     1.951     0.653     0.280     -0.65   0.010   0.015
   50608.433     3.065     0.653     0.323     -0.54   0.010   0.017
   50609.142    -3.892     0.572     0.222     -0.73   0.009   0.012
   50609.311     0.192     0.625     0.251     -0.70   0.010   0.014
   50609.384     1.951     0.637     0.272     -0.65   0.010   0.015
   50609.431     3.065     0.638     0.311     -0.55   0.010   0.017
   50610.139    -3.890     0.554     0.205     -0.76   0.009   0.012
   50610.309     0.194     0.606     0.244     -0.70   0.010   0.013
   50610.382     1.953     0.621     0.271     -0.63   0.010   0.015
   50610.428     3.065     0.624     0.292     -0.58   0.010   0.016
   50611.136    -3.893     0.533     0.197     -0.76   0.009   0.011
   50611.306     0.189     0.578     0.260     -0.61   0.009   0.014
   50611.379     1.953     0.595     0.275     -0.59   0.010   0.015
   50611.425     3.064     0.588     0.303     -0.51   0.010   0.016
   50612.133    -3.894     0.509     0.198     -0.72   0.008   0.011
   50612.303     0.189     0.538     0.236     -0.63   0.009   0.013
   50612.376     1.954     0.547     0.173     -0.88   0.009   0.010
   50612.422     3.064     0.556     0.270     -0.55   0.009   0.015
   50613.130    -3.897     0.481     0.188     -0.72   0.008   0.011
   50613.300     0.191     0.522     0.216     -0.68   0.009   0.012
   50613.373     1.953     0.534     0.250     -0.58   0.009   0.014
   50613.419     3.063     0.532     0.281     -0.49   0.009   0.015
   50614.128    -3.893     0.473     0.169     -0.79   0.008   0.010
   50614.297     0.190     0.517     0.207     -0.70   0.009   0.012
   50614.370     1.951     0.535     0.227     -0.66   0.009   0.013
   50614.417     3.063     0.538     0.248     -0.59   0.009   0.014
   50615.125    -3.892     0.467     0.158     -0.83   0.008   0.010
   50615.294     0.188     0.499     0.187     -0.75   0.008   0.011
   50615.367     1.951     0.512     0.212     -0.68   0.009   0.012
   50615.414     3.063     0.507     0.232     -0.60   0.008   0.013
   50616.122    -3.894     0.444     0.158     -0.79   0.008   0.010
   50616.292     0.189     0.478     0.184     -0.73   0.008   0.011
   50616.365     1.954     0.496     0.212     -0.65   0.008   0.012
   50616.411     3.063     0.501     0.219     -0.63   0.008   0.012
   50617.119    -3.894     0.458     0.172     -0.75   0.008   0.010
   50617.289     0.191     0.495     0.201     -0.69   0.008   0.012
   50617.362     1.952     0.517     0.233     -0.61   0.009   0.013
   50617.408     3.066     0.517     0.265     -0.51   0.009   0.014
   50618.117    -3.891     0.493     0.182     -0.76   0.008   0.011
   50618.286     0.191     0.526     0.199     -0.75   0.009   0.011
   50618.405     3.063     0.550     0.276     -0.53   0.009   0.015
   50619.114    -3.893     0.511     0.184     -0.78   0.009   0.011
   50619.283     0.192     0.545     0.217     -0.70   0.009   0.012
   50619.356     1.952     0.570     0.247     -0.64   0.009   0.014
   50619.403     3.064     0.562     0.275     -0.55   0.009   0.015
   50620.111    -3.894     0.491     0.184     -0.75   0.008   0.011
   50620.281     0.189     0.526     0.196     -0.76   0.009   0.011
   50620.354     1.954     0.543     0.229     -0.66   0.009   0.013
   50620.400     3.067     0.537     0.245     -0.60   0.009   0.014
   50621.108    -3.892     0.463     0.163     -0.80   0.008   0.010
   50621.278     0.189     0.504     0.190     -0.75   0.008   0.011
   50621.352     1.953     0.524     0.212     -0.69   0.009   0.012
   50621.397     3.063     0.526     0.235     -0.62   0.009   0.013
   50622.105    -3.892     0.474     0.164     -0.81   0.008   0.010
   50622.275     0.188     0.512     0.207     -0.69   0.009   0.012
   50622.349     1.954     0.531     0.228     -0.65   0.009   0.013
   50622.395     3.066     0.525     0.255     -0.55   0.009   0.014
   50623.104    -3.891     0.493     0.180     -0.77   0.008   0.011
   50623.272     0.188     0.540     0.212     -0.72   0.009   0.012
   50623.346     1.951     0.563     0.243     -0.64   0.009   0.013
   50623.393     3.065     0.562     0.268     -0.57   0.009   0.015
   50624.101    -3.892     0.536     0.205     -0.74   0.009   0.012
   50624.270     0.190     0.585     0.239     -0.69   0.010   0.013
   50624.344     1.956     0.615     0.271     -0.63   0.010   0.015
   50624.390     3.064     0.622     0.281     -0.61   0.010   0.015
   50625.098    -3.891     0.580     0.222     -0.74   0.009   0.012
   50625.268     0.191     0.644     0.252     -0.72   0.010   0.014
   50625.341     1.955     0.660     0.284     -0.65   0.011   0.015
   50625.387     3.066     0.661     0.303     -0.60   0.011   0.016
   50626.095    -3.893     0.593     0.212     -0.79   0.010   0.012
   50626.265     0.191     0.628     0.234     -0.76   0.010   0.013
   50626.338     1.954     0.650     0.255     -0.72   0.010   0.014
   50626.384     3.066     0.655     0.287     -0.63   0.010   0.015
   50627.092    -3.895     0.550     0.183     -0.84   0.009   0.011
   50627.262     0.189     0.591     0.218     -0.76   0.010   0.012
   50627.335     1.953     0.606     0.239     -0.71   0.010   0.013
   50627.381     3.064     0.606     0.261     -0.64   0.010   0.014
   50628.089    -3.894     0.506     0.174     -0.82   0.008   0.010
   50628.259     0.192     0.551     0.198     -0.78   0.009   0.011
   50628.332     1.952     0.568     0.230     -0.69   0.009   0.013
   50628.379     3.066     0.568     0.247     -0.64   0.009   0.014
   50629.087    -3.894     0.502     0.186     -0.76   0.008   0.011
   50629.256     0.189     0.550     0.211     -0.73   0.009   0.012
   50629.329     1.952     0.558     0.242     -0.64   0.009   0.013
   50629.376     3.067     0.565     0.257     -0.60   0.009   0.014
   50631.081    -3.896     0.477     0.097     -1.22   0.008   0.007
   50631.251     0.189     0.524     0.216     -0.68   0.009   0.012
   50631.324     1.950     0.540     0.228     -0.66   0.009   0.013
   50631.370     3.064     0.543     0.252     -0.59   0.009   0.014
   50632.078    -3.892     0.490     0.185     -0.75   0.008   0.011
   50632.248     0.191     0.536     0.226     -0.66   0.009   0.013
   50632.321     1.951     0.558     0.244     -0.63   0.009   0.013
   50632.367     3.065     0.532     0.250     -0.58   0.009   0.014
   50633.075    -3.894     0.486     0.169     -0.81   0.008   0.010
   50633.245     0.189     0.522     0.203     -0.72   0.009   0.012
   50633.318     1.951     0.546     0.233     -0.65   0.009   0.013
   50633.365     3.065     0.529     0.244     -0.59   0.009   0.013
   50634.073    -3.893     0.472     0.161     -0.82   0.008   0.010
   50634.242     0.189     0.510     0.195     -0.74   0.008   0.011
   50634.315     1.954     0.527     0.216     -0.68   0.009   0.012
   50634.362     3.065     0.534     0.233     -0.63   0.009   0.013
   50635.070    -3.894     0.479     0.164     -0.82   0.008   0.010
   50635.240     0.190     0.524     0.199     -0.74   0.009   0.011
   50635.313     1.951     0.552     0.230     -0.67   0.009   0.013
   50635.359     3.067     0.537     0.244     -0.60   0.009   0.013
   50636.067    -3.889     0.504     0.169     -0.84   0.008   0.010
   50636.237     0.191     0.562     0.204     -0.78   0.009   0.012
   50636.311     1.955     0.586     0.235     -0.70   0.010   0.013
   50636.356     3.065     0.583     0.258     -0.62   0.009   0.014
   50637.064    -3.894     0.587     0.216     -0.77   0.010   0.012
   50637.234     0.192     0.661     0.244     -0.76   0.011   0.013
   50637.308     1.950     0.674     0.265     -0.71   0.011   0.014
   50637.354     3.066     0.684     0.293     -0.65   0.011   0.016
   50638.062    -3.894     0.603     0.208     -0.81   0.010   0.012
   50638.231     0.190     0.665     0.244     -0.77   0.011   0.013
   50638.305     1.953     0.685     0.277     -0.69   0.011   0.015
   50638.352     3.064     0.679     0.293     -0.64   0.011   0.016
   50639.229     0.192     0.590     0.202     -0.82   0.010   0.012
   50639.303     1.953     0.609     0.228     -0.75   0.010   0.013
   50639.349     3.062     0.597     0.244     -0.69   0.010   0.013
   50640.227     0.191     0.547     0.198     -0.78   0.009   0.011
   50640.300     1.953     0.565     0.219     -0.73   0.009   0.012
   50640.346     3.063     0.567     0.244     -0.65   0.009   0.013
   50641.224     0.190     0.531     0.195     -0.77   0.009   0.011
   50641.297     1.952     0.555     0.215     -0.73   0.009   0.012
   50641.343     3.066     0.552     0.240     -0.64   0.009   0.013
   50642.221     0.189     0.524     0.207     -0.71   0.009   0.012
   50642.294     1.953     0.539     0.225     -0.67   0.009   0.013
   50642.341     3.067     0.541     0.250     -0.59   0.009   0.014
   50643.218     0.193     0.533     0.209     -0.72   0.009   0.012
   50643.291     1.954     0.551     0.234     -0.66   0.009   0.013
   50643.338     3.067     0.559     0.245     -0.63   0.009   0.014
   50644.216     0.191     0.534     0.204     -0.74   0.009   0.012
   50644.288     1.952     0.567     0.218     -0.73   0.009   0.012
   50644.335     3.067     0.543     0.247     -0.60   0.009   0.014
   50645.213     0.190     0.501     0.196     -0.72   0.008   0.011
   50645.286     1.954     0.509     0.211     -0.68   0.008   0.012
   50645.332     3.064     0.509     0.229     -0.61   0.008   0.013
   50646.210     0.191     0.499     0.183     -0.77   0.008   0.011
   50646.283     1.953     0.514     0.210     -0.69   0.009   0.012
   50646.329     3.067     0.519     0.235     -0.61   0.009   0.013
   50647.207     0.192     0.494     0.191     -0.73   0.008   0.011
   50647.280     1.952     0.513     0.209     -0.69   0.009   0.012
   50647.326     3.064     0.498     0.233     -0.58   0.008   0.013
   50648.204     0.191     0.504     0.188     -0.75   0.008   0.011
   50648.277     1.952     0.525     0.192     -0.77   0.009   0.011
   50648.324     3.063     0.527     0.235     -0.62   0.009   0.013
   50649.202     0.191     0.581     0.227     -0.72   0.009   0.013
   50649.275     1.954     0.599     0.244     -0.69   0.010   0.013
   50649.321     3.063     0.586     0.273     -0.58   0.010   0.015
   50650.199     0.190     0.550     0.191     -0.81   0.009   0.011
   50650.272     1.954     0.568     0.219     -0.73   0.009   0.012
   50650.318     3.065     0.560     0.237     -0.66   0.009   0.013
   50651.196     0.190     0.517     0.185     -0.79   0.009   0.011
   50651.270     1.952     0.536     0.208     -0.73   0.009   0.012
   50651.315     3.063     0.523     0.225     -0.65   0.009   0.013
   50652.193     0.189     0.470     0.019     -2.46   0.008   0.006
   50652.267     1.950     0.483     0.019     -2.48   0.008   0.006
   50652.313     3.063     0.488     0.016     -2.62   0.008   0.006
   50653.190     0.187     0.481     0.186     -0.73   0.008   0.011
   50653.264     1.952     0.487     0.221     -0.61   0.008   0.012
   50653.311     3.064     0.488     0.248     -0.52   0.008   0.014
   50654.188     0.189     0.488     0.194     -0.71   0.008   0.011
   50654.261     1.951     0.512     0.210     -0.68   0.009   0.012
   50654.308     3.064     0.501     0.233     -0.59   0.008   0.013
   50655.186     0.190     0.483     0.182     -0.75   0.008   0.011
   50656.183     0.190     0.474     0.181     -0.74   0.008   0.011
   50656.256     1.951     0.487     0.205     -0.66   0.008   0.012
   50656.302     3.064     0.484     0.220     -0.60   0.008   0.012
   50657.180     0.191     0.463     0.173     -0.75   0.008   0.010
   50657.253     1.953     0.484     0.199     -0.68   0.008   0.011
   50657.299     3.063     0.476     0.215     -0.61   0.008   0.012
   50658.178     0.193     0.458     0.171     -0.75   0.008   0.010
   50658.250     1.955     0.477     0.193     -0.69   0.008   0.011
   50658.297     3.063     0.483     0.218     -0.61   0.008   0.012
   50659.175     0.191     0.527     0.200     -0.74   0.009   0.012
   50659.248     1.954     0.557     0.227     -0.69   0.009   0.013
   50659.294     3.064     0.547     0.252     -0.59   0.009   0.014
   50660.172     0.189     0.589     0.229     -0.72   0.010   0.013
   50660.245     1.951     0.608     0.244     -0.70   0.010   0.013
   50660.291     3.063     0.596     0.270     -0.61   0.010   0.015
   50661.169     0.189     0.573     0.226     -0.71   0.009   0.013
   50661.242     1.952     0.590     0.249     -0.66   0.010   0.014
   50661.288     3.066     0.593     0.276     -0.59   0.010   0.015
   50662.166     0.192     0.527     0.204     -0.73   0.009   0.012
   50662.239     1.953     0.550     0.228     -0.68   0.009   0.013
   50662.285     3.063     0.551     0.255     -0.59   0.009   0.014
   50663.163     0.192     0.485     0.175     -0.78   0.008   0.010
   50663.236     1.952     0.496     0.189     -0.74   0.008   0.011
   50663.283     3.065     0.495     0.205     -0.68   0.008   0.012
   50664.161     0.190     0.434     0.145     -0.84   0.007   0.009
   50664.234     1.954     0.456     0.164     -0.78   0.008   0.010
   50664.280     3.066     0.458     0.198     -0.64   0.008   0.011
   50665.158     0.195     0.431     0.158     -0.77   0.007   0.010
   50665.231     1.952     0.450     0.189     -0.67   0.008   0.011
   50665.277     3.064     0.459     0.192     -0.67   0.008   0.011
   50666.155     0.190     0.460     0.184     -0.70   0.008   0.011
   50666.229     1.950     0.483     0.203     -0.66   0.008   0.012
   50666.274     3.066     0.486     0.223     -0.60   0.008   0.013
   50667.152     0.189     0.461     0.188     -0.69   0.008   0.011
   50667.226     1.950     0.484     0.210     -0.64   0.008   0.012
   50667.272     3.066     0.481     0.224     -0.58   0.008   0.013
   50668.149     0.189     0.468     0.194     -0.68   0.008   0.011
   50668.223     1.952     0.488     0.219     -0.61   0.008   0.012
   50668.270     3.065     0.490     0.227     -0.59   0.008   0.013
   50669.147     0.192     0.442     0.160     -0.78   0.008   0.010
   50670.145     0.189     0.417     0.167     -0.70   0.007   0.010
   50670.218     1.955     0.438     0.169     -0.73   0.008   0.010
   50670.264     3.066     0.441     0.191     -0.64   0.008   0.011
   50671.142     0.189     0.441     0.170     -0.73   0.008   0.010
   50672.212     1.954     0.472     0.206     -0.63   0.008   0.012
   50671.261     3.067     0.466     0.235     -0.52   0.008   0.013
   50672.139     0.189     0.539     0.225     -0.67   0.009   0.013
   50672.212     1.954     0.566     0.257     -0.61   0.009   0.014
   50672.258     3.064     0.572     0.275     -0.56   0.009   0.015
   50673.136     0.190     0.641     0.283     -0.63   0.010   0.015
   50673.209     1.953     0.651     0.292     -0.61   0.010   0.016
   50673.256     3.067     0.645     0.327     -0.52   0.010   0.017
   50674.133     0.187     0.595     0.259     -0.64   0.010   0.014
   50674.207     1.952     0.605     0.270     -0.62   0.010   0.015
   50674.253     3.063     0.593     0.286     -0.56   0.010   0.015
   50675.131     0.191     0.532     0.214     -0.70   0.009   0.012
   50675.204     1.952     0.549     0.228     -0.67   0.009   0.013
   50676.128     0.190     0.476     0.197     -0.68   0.008   0.011
   50676.201     1.953     0.500     0.226     -0.61   0.008   0.013
   50678.122     0.189     0.484     0.181     -0.75   0.008   0.011
   50678.195     1.952     0.506     0.224     -0.62   0.008   0.013
   50679.120     0.188     0.503     0.237     -0.58   0.008   0.013
   50679.193     1.953     0.517     0.245     -0.57   0.009   0.014
   50680.117     0.191     0.493     0.225     -0.60   0.008   0.013
   50680.190     1.954     0.497     0.146     -0.94   0.008   0.009
   50681.114     0.188     0.458     0.207     -0.61   0.008   0.012
   50681.188     1.952     0.476     0.198     -0.67   0.008   0.011
   50682.111     0.189     0.456     0.185     -0.69   0.008   0.011
   50682.185     1.952     0.481     0.210     -0.63   0.008   0.012
   50683.108     0.189     0.472     0.198     -0.67   0.008   0.011
   50683.182     1.953     0.495     0.219     -0.62   0.008   0.012
   50684.106     0.191     0.526     0.226     -0.65   0.009   0.013
   50684.180     1.958     0.546     0.251     -0.60   0.009   0.014
   50685.104     0.190     0.574     0.254     -0.62   0.009   0.014
   50685.177     1.950     0.589     0.222     -0.75   0.010   0.012
   50686.101     0.191     0.590     0.259     -0.63   0.010   0.014
   50686.174     1.952     0.605     0.286     -0.57   0.010   0.015
   50687.098     0.188     0.564     0.238     -0.66   0.009   0.013
   50687.171     1.952     0.575     0.254     -0.63   0.009   0.014
   50688.095     0.191     0.507     0.214     -0.66   0.008   0.012
   50688.168     1.950     0.523     0.232     -0.62   0.009   0.013
   50689.093     0.191     0.489     0.209     -0.65   0.008   0.012
   50689.166     1.950     0.508     0.226     -0.62   0.008   0.013
   50690.090     0.190     0.525     0.232     -0.63   0.009   0.013
   50690.163     1.951     0.544     0.252     -0.59   0.009   0.014
   50691.087     0.191     0.585     0.245     -0.67   0.010   0.014
   50691.160     1.954     0.603     0.270     -0.62   0.010   0.015
   50692.084     0.191     0.597     0.257     -0.65   0.010   0.014
   50692.157     1.958     0.623     0.284     -0.60   0.010   0.015
   50693.082     0.194     0.599     0.241     -0.70   0.010   0.013
   50693.155     1.954     0.608     0.250     -0.68   0.010   0.014
   50694.079     0.192     0.565     0.227     -0.70   0.009   0.013
   50694.152     1.952     0.581     0.254     -0.63   0.009   0.014
   50695.076     0.192     0.580     0.237     -0.69   0.009   0.013
   50695.149     1.952     0.599     0.266     -0.62   0.010   0.014
   50696.989    -1.780     0.563     0.231     -0.68   0.009   0.013
   50697.070     0.192     0.583     0.265     -0.60   0.009   0.014
   50697.144     1.951     0.604     0.294     -0.55   0.010   0.016
   50697.986    -1.776     0.559     0.236     -0.66   0.009   0.013
   50698.068     0.190     0.583     0.266     -0.60   0.009   0.014
   50698.142     1.954     0.600     0.285     -0.57   0.010   0.015
   50698.983    -1.779     0.535     0.216     -0.69   0.009   0.012
   50699.065     0.193     0.551     0.234     -0.66   0.009   0.013
   50699.139     1.957     0.554     0.257     -0.59   0.009   0.014
   50699.980    -1.779     0.492     0.207     -0.66   0.008   0.012
   50700.063     0.189     0.506     0.230     -0.60   0.008   0.013
   50700.136     1.953     0.514     0.244     -0.57   0.009   0.013
   50700.972    -1.932     0.469     0.157     -0.84   0.008   0.010
   50701.133     1.954     0.499     0.242     -0.55   0.008   0.013
   50701.969    -1.931     0.464     0.194     -0.67   0.008   0.011
   50702.130     1.951     0.487     0.229     -0.58   0.008   0.013
   50702.966    -1.928     0.468     0.210     -0.61   0.008   0.012
   50703.127     1.951     0.498     0.244     -0.55   0.008   0.013
   50703.964    -1.930     0.470     0.200     -0.65   0.008   0.012
   50704.125     1.951     0.503     0.249     -0.54   0.008   0.014
   50704.961    -1.929     0.461     0.175     -0.74   0.008   0.010
   50705.122     1.953     0.489     0.222     -0.61   0.008   0.012
   50705.958    -1.929     0.459     0.181     -0.71   0.008   0.011
   50706.119     1.952     0.487     0.212     -0.64   0.008   0.012
   50706.955    -1.927     0.461     0.190     -0.68   0.008   0.011
   50707.117     1.957     0.491     0.226     -0.59   0.008   0.013
   50707.952    -1.927     0.482     0.221     -0.60   0.008   0.012
   50708.114     1.954     0.531     0.270     -0.52   0.009   0.015
   50708.950    -1.929     0.517     0.196     -0.74   0.009   0.011
   50709.111     1.956     0.553     0.283     -0.51   0.009   0.015
   50710.108     1.957     0.566     0.289     -0.51   0.009   0.016
   50710.944    -1.927     0.509     0.217     -0.65   0.008   0.012
   50711.105     1.952     0.548     0.256     -0.58   0.009   0.014
   50711.941    -1.927     0.489     0.176     -0.78   0.008   0.010
   50712.103     1.954     0.519     0.233     -0.61   0.009   0.013
   50712.938    -1.933     0.463     0.177     -0.74   0.008   0.011
   50713.101     1.954     0.488     0.234     -0.56   0.008   0.013
   50713.937    -1.928     0.463     0.198     -0.65   0.008   0.011
   50714.098     1.952     0.500     0.251     -0.53   0.008   0.014
   50714.934    -1.928     0.528     0.235     -0.62   0.009   0.013
   50715.095     1.953     0.564     0.282     -0.53   0.009   0.015
   50715.931    -1.932     0.551     0.237     -0.65   0.009   0.013
   50716.092     1.951     0.588     0.280     -0.57   0.010   0.015
   50716.928    -1.927     0.558     0.232     -0.67   0.009   0.013
   50717.089     1.953     0.589     0.274     -0.59   0.010   0.015
   50717.925    -1.931     0.541     0.212     -0.72   0.009   0.012
   50718.087     1.954     0.571     0.264     -0.59   0.009   0.014
   50718.923    -1.929     0.512     0.227     -0.62   0.009   0.013
   50719.084     1.951     0.555     0.296     -0.48   0.009   0.016
   50719.920    -1.929     0.505     0.219     -0.64   0.008   0.012
   50720.081     1.952     0.536     0.271     -0.52   0.009   0.015
   50720.917    -1.925     0.505     0.211     -0.67   0.008   0.012
   50721.078     1.951     0.540     0.282     -0.50   0.009   0.015
   50721.914    -1.927     0.484     0.191     -0.71   0.008   0.011
   50722.075     1.952     0.513     0.247     -0.56   0.009   0.014
   50722.911    -1.930     0.486     0.200     -0.68   0.008   0.012
   50723.073     1.951     0.510     0.246     -0.56   0.008   0.014
   50723.919    -1.679     0.489     0.186     -0.74   0.008   0.011
   50724.070     1.952     0.513     0.233     -0.61   0.009   0.013
   50724.916    -1.680     0.477     0.208     -0.64   0.008   0.012
   50725.067     1.954     0.519     0.249     -0.56   0.009   0.014
   50725.914    -1.678     0.506     0.215     -0.66   0.008   0.012
   50726.064     1.951     0.544     0.257     -0.57   0.009   0.014
   50726.911    -1.681     0.512     0.224     -0.63   0.009   0.013
   50727.062     1.953     0.549     0.268     -0.55   0.009   0.015
   50727.908    -1.682     0.522     0.214     -0.68   0.009   0.012
   50728.060     1.952     0.557     0.268     -0.56   0.009   0.015
   50728.905    -1.679     0.513     0.217     -0.66   0.009   0.012
   50729.057     1.952     0.555     0.278     -0.53   0.009   0.015
   50729.903    -1.677     0.505     0.208     -0.68   0.008   0.012
   50730.054     1.951     0.531     0.247     -0.59   0.009   0.014
   50730.900    -1.680     0.482     0.196     -0.69   0.008   0.011
   50731.051     1.954     0.512     0.243     -0.57   0.009   0.013
   50731.897    -1.678     0.485     0.205     -0.66   0.008   0.012
   50732.048     1.954     0.529     0.258     -0.55   0.009   0.014
   50732.895    -1.679     0.510     0.210     -0.68   0.008   0.012
   50733.046     1.954     0.551     0.257     -0.58   0.009   0.014
   50733.892    -1.680     0.532     0.216     -0.69   0.009   0.012
   50734.043     1.956     0.584     0.271     -0.59   0.010   0.015
   50734.890    -1.677     0.567     0.238     -0.67   0.009   0.013
   50735.040     1.952     0.599     0.277     -0.59   0.010   0.015
   50735.887    -1.680     0.587     0.212     -0.78   0.010   0.012
   50736.037     1.952     0.624     0.229     -0.77   0.010   0.013
   50736.884    -1.679     0.604     0.241     -0.70   0.010   0.013
   50737.034     1.953     0.646     0.316     -0.55   0.010   0.017
   50737.881    -1.681     0.618     0.265     -0.65   0.010   0.014
   50738.032     1.952     0.652     0.316     -0.56   0.010   0.017
   50738.878    -1.679     0.606     0.222     -0.77   0.010   0.012
   50739.029     1.954     0.641     0.294     -0.60   0.010   0.016
   50739.876    -1.675     0.586     0.240     -0.68   0.010   0.013
   50740.026     1.953     0.611     0.287     -0.58   0.010   0.015
   50740.873    -1.679     0.565     0.231     -0.69   0.009   0.013
   50741.023     1.957     0.591     0.280     -0.57   0.010   0.015
   50741.870    -1.683     0.535     0.202     -0.75   0.009   0.012
   50742.021     1.951     0.565     0.235     -0.67   0.009   0.013
   50742.846    -2.208     0.506     0.168     -0.85   0.008   0.010
   50742.925    -0.300     0.438     0.183     -0.67   0.008   0.011
   50743.019     1.952     0.527     0.205     -0.72   0.009   0.012
   50743.843    -2.213     0.486     0.178     -0.77   0.008   0.011
   50743.922    -0.300     0.507     0.195     -0.73   0.008   0.011
   50744.016     1.951     0.529     0.220     -0.67   0.009   0.012
   50744.840    -2.215     0.469     0.164     -0.81   0.008   0.010
   50744.919    -0.301     0.486     0.177     -0.77   0.008   0.011
   50745.013     1.954     0.490     0.199     -0.69   0.008   0.011
   50745.837    -2.211     0.415     0.125     -0.92   0.007   0.008
   50745.917    -0.298     0.434     0.140     -0.87   0.007   0.009
   50746.010     1.951     0.474     0.165     -0.81   0.008   0.010
   50746.834    -2.212     0.449     0.191     -0.65   0.008   0.011
   50746.914    -0.298     0.496     0.210     -0.66   0.008   0.012
   50747.008     1.954     0.516     0.228     -0.63   0.009   0.013
   50747.832    -2.208     0.556     0.190     -0.82   0.009   0.011
   50747.911    -0.302     0.566     0.205     -0.78   0.009   0.012
   50748.005     1.952     0.590     0.270     -0.60   0.010   0.015
   50748.829    -2.214     0.705     0.267     -0.74   0.011   0.015
   50748.908    -0.300     0.707     0.308     -0.64   0.011   0.016
   50749.002     1.958     0.696     0.300     -0.64   0.011   0.016
   50749.905    -0.300     0.689     0.364     -0.49   0.011   0.019
   50749.999     1.956     0.700     0.335     -0.56   0.011   0.018
   50750.823    -2.213     0.669     0.222     -0.85   0.011   0.012
   50750.902    -0.303     0.681     0.238     -0.81   0.011   0.013
   50750.997     1.957     0.695     0.274     -0.71   0.011   0.015
   50751.820    -2.211     0.583     0.220     -0.75   0.009   0.012
   50751.900    -0.300     0.671     0.240     -0.79   0.011   0.013
   50751.994     1.959     0.630     0.274     -0.64   0.010   0.015
   50752.817    -2.215     0.691     0.225     -0.86   0.011   0.013
   50752.897    -0.298     0.710     0.263     -0.76   0.011   0.014
   50752.991     1.951     0.738     0.327     -0.62   0.012   0.017
   50753.815    -2.214     1.010     0.561     -0.45   0.016   0.029
   50753.895    -0.303     1.099     0.727     -0.32   0.017   0.037
   50753.988     1.951     1.190     0.783     -0.32   0.018   0.040
   50754.813    -2.212     1.656     0.679     -0.68   0.025   0.034
   50754.892    -0.299     1.717     0.725     -0.66   0.026   0.037
   50754.985     1.953     1.736     0.785     -0.61   0.026   0.040
   50755.810    -2.210     1.619     0.552     -0.82   0.025   0.028
   50755.890    -0.296     1.698     0.587     -0.81   0.026   0.030
   50755.982     1.953     1.618     0.514     -0.88   0.025   0.026
   50756.887    -0.296     1.116     0.454     -0.69   0.017   0.023
   50756.979     1.951     1.143     0.485     -0.66   0.018   0.025
   50757.805    -2.213     1.105     0.404     -0.77   0.017   0.021
   50757.884    -0.297     1.125     0.444     -0.71   0.017   0.023
   50757.978     1.954     1.149     0.504     -0.63   0.018   0.026
   50758.802    -2.208     0.972     0.319     -0.85   0.015   0.017
   50758.881    -0.303     0.959     0.325     -0.83   0.015   0.017
   50758.975     1.953     0.965     0.329     -0.82   0.015   0.017
   50759.799    -2.212     0.797     0.238     -0.93   0.013   0.013
   50759.878    -0.300     0.788     0.255     -0.86   0.012   0.014
   50759.972     1.952     0.778     0.274     -0.80   0.012   0.015
   50760.796    -2.213     0.722     0.250     -0.81   0.011   0.014
   50760.876    -0.298     0.729     0.267     -0.77   0.012   0.015
   50760.969     1.952     0.744     0.283     -0.74   0.012   0.015
   50761.793    -2.214     0.685     0.237     -0.81   0.011   0.013
   50761.873    -0.300     0.692     0.260     -0.75   0.011   0.014
   50761.967     1.953     0.722     0.288     -0.70   0.011   0.015
   50762.790    -2.214     0.711     0.266     -0.75   0.011   0.014
   50762.870    -0.300     0.726     0.295     -0.69   0.012   0.016
   50762.964     1.954     0.770     0.327     -0.66   0.012   0.017
   50763.788    -2.198     0.805     0.296     -0.77   0.013   0.016
   50763.867    -0.302     0.837     0.334     -0.70   0.013   0.018
   50763.961     1.953     0.852     0.376     -0.63   0.013   0.020
   50764.785    -2.213     0.876     0.334     -0.74   0.014   0.018
   50764.864    -0.302     0.903     0.372     -0.68   0.014   0.019
   50764.958     1.951     0.927     0.428     -0.59   0.014   0.022
   50765.782    -2.215     0.905     0.327     -0.78   0.014   0.017
   50765.862    -0.299     0.933     0.361     -0.73   0.014   0.019
   50765.955     1.950     0.947     0.373     -0.71   0.015   0.020
   50766.779    -2.214     0.926     0.334     -0.78   0.014   0.018
   50766.859    -0.299     0.946     0.363     -0.73   0.015   0.019
   50766.953     1.954     0.947     0.403     -0.65   0.015   0.021
   50767.777    -2.211     0.933     0.329     -0.80   0.014   0.017
   50767.856    -0.298     0.968     0.389     -0.70   0.015   0.020
   50767.950     1.955     0.985     0.452     -0.60   0.015   0.023
   50768.774    -2.211     1.043     0.313     -0.92   0.016   0.017
   50768.854    -0.299     1.112     0.413     -0.76   0.017   0.021
   50768.947     1.954     1.128     0.462     -0.68   0.017   0.024
   50769.771    -2.209     1.090     0.407     -0.75   0.017   0.021
   50769.851    -0.299     1.134     0.437     -0.73   0.017   0.023
   50769.944     1.954     1.165     0.482     -0.68   0.018   0.025
   50770.852    -0.225     0.970     0.342     -0.80   0.015   0.018
   50770.941     1.952     0.991     0.383     -0.73   0.015   0.020
   50771.766    -2.213     1.046     0.552     -0.49   0.016   0.028
   50771.846    -0.297     1.079     0.584     -0.47   0.017   0.030
   50771.939     1.953     1.107     0.576     -0.50   0.017   0.029
   50772.764    -2.209     1.034     0.369     -0.79   0.016   0.019
   50772.843    -0.302     1.063     0.401     -0.75   0.016   0.021
   50772.937     1.954     1.114     0.442     -0.71   0.017   0.023
   50773.761    -2.214     1.170     0.586     -0.53   0.018   0.030
   50773.840    -0.300     1.232     0.733     -0.40   0.019   0.037
   50773.934     1.951     1.234     0.834     -0.30   0.019   0.042
   50774.758    -2.213     1.049     0.397     -0.74   0.016   0.021
   50774.837    -0.298     1.056     0.411     -0.72   0.016   0.021
   50774.931     1.951     1.049     0.451     -0.65   0.016   0.023
   50775.755    -2.209     0.887     0.303     -0.82   0.014   0.016
   50775.835    -0.298     0.899     0.305     -0.83   0.014   0.016
   50775.928     1.952     0.901     0.350     -0.72   0.014   0.018