
APPARENT      VENUS     Pln-cntr w.r.t. EARTH     DE403/LE403
   East Longitude, Geod. Latitude, Geoc. Dist. =    0.000    0.000    0.000
   Planet Orientation Elements : IAU1991
 Ephem Time      Yr  Mo Dy  H  M  S     RT ASCENSION   DECLINATION       Rho(AU)     RadVel(AU/Day) Long&Lat of Disk Ctr
 2450803.208333 1997 DEC 20 17:00:00   20 22 24.3062  -19 53 32.839    0.352384486 -0.00572948758    301.5300     0.4200
 2450803.218750 1997 DEC 20 17:15:00   20 22 24.8016  -19 53 23.941    0.352324805 -0.00572821789    301.5478     0.4180
 2450803.229167 1997 DEC 20 17:30:00   20 22 25.2961  -19 53 15.043    0.352265138 -0.00572694751    301.5657     0.4160
 2450803.239583 1997 DEC 20 17:45:00   20 22 25.7895  -19 53  6.146    0.352205483 -0.00572567644    301.5835     0.4140
 2450803.250000 1997 DEC 20 18:00:00   20 22 26.2819  -19 52 57.250    0.352145842 -0.00572440468    301.6014     0.4120
 2450803.260417 1997 DEC 20 18:15:00   20 22 26.7733  -19 52 48.354    0.352086214 -0.00572313223    301.6192     0.4100
 2450803.270833 1997 DEC 20 18:30:00   20 22 27.2637  -19 52 39.459    0.352026599 -0.00572185908    301.6370     0.4080
 2450803.281250 1997 DEC 20 18:45:00   20 22 27.7530  -19 52 30.564    0.351966998 -0.00572058524    301.6548     0.4060
 2450803.291667 1997 DEC 20 19:00:00   20 22 28.2414  -19 52 21.671    0.351907410 -0.00571931071    301.6727     0.4040
 2450803.302083 1997 DEC 20 19:15:00   20 22 28.7287  -19 52 12.777    0.351847835 -0.00571803549    301.6905     0.4019
 2450803.312500 1997 DEC 20 19:30:00   20 22 29.2150  -19 52  3.885    0.351788273 -0.00571675957    301.7083     0.3999
 2450803.322917 1997 DEC 20 19:45:00   20 22 29.7004  -19 51 54.993    0.351728725 -0.00571548296    301.7261     0.3979
 2450803.333333 1997 DEC 20 20:00:00   20 22 30.1846  -19 51 46.101    0.351669190 -0.00571420565    301.7439     0.3959
 2450803.343750 1997 DEC 20 20:15:00   20 22 30.6679  -19 51 37.210    0.351609669 -0.00571292765    301.7617     0.3939
 2450803.354167 1997 DEC 20 20:30:00   20 22 31.1502  -19 51 28.320    0.351550160 -0.00571164896    301.7795     0.3919
 2450803.364583 1997 DEC 20 20:45:00   20 22 31.6314  -19 51 19.431    0.351490665 -0.00571036957    301.7973     0.3899
 2450803.375000 1997 DEC 20 21:00:00   20 22 32.1117  -19 51 10.542    0.351431184 -0.00570908949    301.8151     0.3878
 2450803.385417 1997 DEC 20 21:15:00   20 22 32.5909  -19 51  1.653    0.351371715 -0.00570780871    301.8329     0.3858
 2450803.395833 1997 DEC 20 21:30:00   20 22 33.0691  -19 50 52.766    0.351312260 -0.00570652724    301.8507     0.3838
 2450803.406250 1997 DEC 20 21:45:00   20 22 33.5463  -19 50 43.879    0.351252819 -0.00570524507    301.8685     0.3818
 2450803.416667 1997 DEC 20 22:00:00   20 22 34.0225  -19 50 34.992    0.351193390 -0.00570396220    301.8862     0.3798
 2450803.427083 1997 DEC 20 22:15:00   20 22 34.4976  -19 50 26.107    0.351133976 -0.00570267864    301.9040     0.3777
 2450803.437500 1997 DEC 20 22:30:00   20 22 34.9717  -19 50 17.221    0.351074574 -0.00570139438    301.9218     0.3757
 2450803.447917 1997 DEC 20 22:45:00   20 22 35.4449  -19 50  8.337    0.351015186 -0.00570010943    301.9395     0.3737
 2450803.458333 1997 DEC 20 23:00:00   20 22 35.9170  -19 49 59.453    0.350955811 -0.00569882377    301.9573     0.3717
 2450803.468750 1997 DEC 20 23:15:00   20 22 36.3880  -19 49 50.570    0.350896450 -0.00569753742    301.9751     0.3697
 2450803.479167 1997 DEC 20 23:30:00   20 22 36.8581  -19 49 41.687    0.350837102 -0.00569625038    301.9928     0.3676
 2450803.489583 1997 DEC 20 23:45:00   20 22 37.3272  -19 49 32.805    0.350777767 -0.00569496263    302.0106     0.3656
 2450803.500000 1997 DEC 21 00:00:00   20 22 37.7952  -19 49 23.924    0.350718446 -0.00569367419    302.0283     0.3636
 2450803.510417 1997 DEC 21 00:15:00   20 22 38.2622  -19 49 15.043    0.350659139 -0.00569238504    302.0461     0.3616
 2450803.520833 1997 DEC 21 00:30:00   20 22 38.7282  -19 49  6.163    0.350599844 -0.00569109520    302.0638     0.3595
 2450803.531250 1997 DEC 21 00:45:00   20 22 39.1932  -19 48 57.284    0.350540563 -0.00568980466    302.0815     0.3575
 2450803.541667 1997 DEC 21 01:00:00   20 22 39.6571  -19 48 48.405    0.350481296 -0.00568851342    302.0993     0.3555
 2450803.552083 1997 DEC 21 01:15:00   20 22 40.1200  -19 48 39.527    0.350422042 -0.00568722148    302.1170     0.3535
 2450803.562500 1997 DEC 21 01:30:00   20 22 40.5820  -19 48 30.650    0.350362802 -0.00568592884    302.1347     0.3514



