
APPARENT      VENUS     Pln-cntr w.r.t. EARTH     DE403/LE403
   East Longitude, Geod. Latitude, Geoc. Dist. = -107.618   34.079 6380.264
   Planet Orientation Elements : IAU1991
 Ephem Time      Yr  Mo Dy  H  M  S     RT ASCENSION   DECLINATION       Rho(AU)     RadVel(AU/Day) Long&Lat of Disk Ctr
 2450803.208333 1997 DEC 20 17:00:00   20 22 25.6846  -19 53 48.339    0.352380751 -0.00592530946    301.5300     0.4200
 2450803.218750 1997 DEC 20 17:15:00   20 22 26.1442  -19 53 39.872    0.352319057 -0.00591874676    301.5478     0.4180
 2450803.229167 1997 DEC 20 17:30:00   20 22 26.5971  -19 53 31.393    0.352257436 -0.00591136402    301.5657     0.4160
 2450803.239583 1997 DEC 20 17:45:00   20 22 27.0433  -19 53 22.901    0.352195896 -0.00590318750    301.5835     0.4140
 2450803.250000 1997 DEC 20 18:00:00   20 22 27.4831  -19 53 14.394    0.352134445 -0.00589424686    301.6014     0.4120
 2450803.260417 1997 DEC 20 18:15:00   20 22 27.9167  -19 53  5.870    0.352073090 -0.00588457504    301.6192     0.4100
 2450803.270833 1997 DEC 20 18:30:00   20 22 28.3443  -19 52 57.328    0.352011841 -0.00587420814    301.6370     0.4080
 2450803.281250 1997 DEC 20 18:45:00   20 22 28.7663  -19 52 48.765    0.351950702 -0.00586318525    301.6548     0.4060
 2450803.291667 1997 DEC 20 19:00:00   20 22 29.1828  -19 52 40.182    0.351889682 -0.00585154827    301.6727     0.4040
 2450803.302083 1997 DEC 20 19:15:00   20 22 29.5943  -19 52 31.576    0.351828786 -0.00583934175    301.6905     0.4019
 2450803.312500 1997 DEC 20 19:30:00   20 22 30.0010  -19 52 22.945    0.351768020 -0.00582661269    301.7083     0.3999
 2450803.322917 1997 DEC 20 19:45:00   20 22 30.4033  -19 52 14.290    0.351707389 -0.00581341034    301.7261     0.3979
 2450803.333333 1997 DEC 20 20:00:00   20 22 30.8016  -19 52  5.609    0.351646898 -0.00579978598    301.7439     0.3959
 2450803.343750 1997 DEC 20 20:15:00   20 22 31.1961  -19 51 56.902    0.351586551 -0.00578579272    301.7617     0.3939
 2450803.354167 1997 DEC 20 20:30:00   20 22 31.5873  -19 51 48.166    0.351526351 -0.00577148523    301.7795     0.3919
 2450803.364583 1997 DEC 20 20:45:00   20 22 31.9756  -19 51 39.402    0.351466302 -0.00575691957    301.7973     0.3899
 2450803.375000 1997 DEC 20 21:00:00   20 22 32.3614  -19 51 30.609    0.351406405 -0.00574215287    301.8151     0.3878
 2450803.385417 1997 DEC 20 21:15:00   20 22 32.7450  -19 51 21.787    0.351346663 -0.00572724317    301.8329     0.3858
 2450803.395833 1997 DEC 20 21:30:00   20 22 33.1270  -19 51 12.936    0.351287077 -0.00571224908    301.8507     0.3838
 2450803.406250 1997 DEC 20 21:45:00   20 22 33.5076  -19 51  4.054    0.351227648 -0.00569722960    301.8685     0.3818
 2450803.416667 1997 DEC 20 22:00:00   20 22 33.8874  -19 50 55.144    0.351168374 -0.00568224384    301.8862     0.3798
 2450803.427083 1997 DEC 20 22:15:00   20 22 34.2667  -19 50 46.203    0.351109257 -0.00566735074    301.9040     0.3777
 2450803.437500 1997 DEC 20 22:30:00   20 22 34.6460  -19 50 37.233    0.351050293 -0.00565260887    301.9218     0.3757
 2450803.447917 1997 DEC 20 22:45:00   20 22 35.0256  -19 50 28.234    0.350991483 -0.00563807613    301.9395     0.3737
 2450803.458333 1997 DEC 20 23:00:00   20 22 35.4059  -19 50 19.207    0.350932822 -0.00562380953    301.9573     0.3717
 2450803.468750 1997 DEC 20 23:15:00   20 22 35.7874  -19 50 10.152    0.350874308 -0.00560986491    301.9751     0.3697
 2450803.479167 1997 DEC 20 23:30:00   20 22 36.1705  -19 50  1.070    0.350815938 -0.00559629676    301.9928     0.3676
 2450803.489583 1997 DEC 20 23:45:00   20 22 36.5555  -19 49 51.961    0.350757707 -0.00558315791    302.0106     0.3656
 2450803.500000 1997 DEC 21 00:00:00   20 22 36.9427  -19 49 42.828    0.350699610 -0.00557049936    302.0283     0.3636
 2450803.510417 1997 DEC 21 00:15:00   20 22 37.3326  -19 49 33.670    0.350641643 -0.00555837005    302.0461     0.3616
 2450803.520833 1997 DEC 21 00:30:00   20 22 37.7254  -19 49 24.489    0.350583799 -0.00554681663    302.0638     0.3595
 2450803.531250 1997 DEC 21 00:45:00   20 22 38.1215  -19 49 15.287    0.350526072 -0.00553588326    302.0815     0.3575
 2450803.541667 1997 DEC 21 01:00:00   20 22 38.5212  -19 49  6.064    0.350468455 -0.00552561144    302.0993     0.3555
 2450803.552083 1997 DEC 21 01:15:00   20 22 38.9247  -19 48 56.823    0.350410942 -0.00551603982    302.1170     0.3535
 2450803.562500 1997 DEC 21 01:30:00   20 22 39.3323  -19 48 47.564    0.350353525 -0.00550720404    302.1347     0.3514



